1000 1000,180 1000,103 1000,8702
2000 1000,203 1000,138 1000,22001
3000 1001,212 1000,167 1000,34833
4000 1001,206 1000,228 1000,47490
5000 1000,46925 1000,260 1000,50561
6000 1003,50896 1000,257 1000,49411
7000 1002,50947 1000,269 1000,49377
8000 1003,51690 1000,243 1000,49566
9000 1002,51578 1000,233 1000,42800
10000 1000,43061 1000,290 1000,49771
11000 1000,50820 1000,286 1000,49444
12000 1000,51229 1000,320 1000,50037
13000 1000,50666 1000,300 1000,50051
14000 1003,51417 1000,282 1000,49768
15000 1003,50821 1000,297 1000,49701
16000 1004,51562 1000,316 1000,49088
17000 1001,50871 1000,305 1000,49784
18000 1003,50840 1000,291 1000,50024
19000 1002,51693 1000,320 1000,49475
20000 1005,51644 1000,356 1000,49652
21000 1003,50835 1000,302 1000,49579
22000 1004,51099 1000,329 1000,49719
23000 1003,51007 1000,322 1000,50010
24000 1004,51295 1000,319 1000,50074
25000 1001,51110 1000,324 1000,49009
26000 1001,51091 1000,328 1000,49177
27000 1004,51454 1000,347 1000,49333
28000 1005,51370 1000,330 1000,49699
29000 1009,51314 1000,335 1000,50115
30000 1008,51362 1000,330 1000,49277
31000 1003,51490 1000,343 1000,49595
32000 1006,51516 1000,352 1000,49924
33000 1005,51279 1000,316 1000,49281
34000 1005,51018 1000,349 1000,49434
35000 1007,51449 1000,329 1000,49759
36000 1008,51161 1000,347 1000,50584
37000 1005,51449 1000,339 1000,49561
38000 1004,51073 1000,311 1000,48852
39000 1006,51058 1000,334 1000,49897
40000 1005,51622 1000,317 1000,49138
41000 1008,51096 1000,324 1000,48800
42000 1016,51479 1000,309 1000,49157
43000 1005,50808 1000,340 1000,49735
44000 1007,51473 1000,343 1000,49369
45000 1011,51490 1000,357 1000,50106
46000 1015,51889 1000,318 1000,49261
47000 1005,50870 1000,322 1000,50060
48000 1006,51741 1000,323 1000,49414
49000 1007,51322 1000,369 1000,49273
50000 1009,51596 1000,350 1000,50710
51000 1007,51534 1000,339 1000,48628
52000 1011,51215 1000,350 1000,49815
53000 1010,51146 1000,339 1000,48948
54000 1010,51008 1000,323 1000,49477
55000 1004,52231 1000,306 1000,49109
56000 1011,51526 1000,336 1000,49575
57000 1016,52044 1000,329 1000,49999
58000 1007,52666 1000,334 1000,49833
59000 1005,50910 1000,323 1000,49870
60000 1006,50587 1000,331 1000,49856
61000 1009,52305 1000,338 1000,52530
62000 1008,51250 1000,345 1000,49652
63000 1011,51838 1000,343 1000,48977
64000 1009,51446 1000,337 1000,49605
65000 1009,54952 1000,304 1000,49450
66000 1010,51775 1000,335 1000,48952
67000 1013,51351 1000,365 1000,50640
68000 1009,51880 1000,326 1000,49943
69000 1011,51291 1000,330 1000,49865
70000 1005,51083 1000,352 1000,49751
71000 1011,51952 1000,283 1000,48918
72000 1014,51138 1000,325 1000,49821
73000 1015,51881 1000,341 1000,49484
74000 1014,51622 1000,316 1000,48836
75000 1010,51340 1000,347 1000,49123
76000 1018,51556 1000,345 1000,49678
77000 1015,52100 1000,321 1000,49611
78000 1007,51457 1000,329 1000,49396
79000 1010,51583 1000,373 1000,49807
80000 1010,51951 1000,306 1000,67990
81000 1009,56306 1000,348 1000,49842
82000 1018,52575 1000,333 1000,49819
83000 1015,51986 1000,322 1000,50281
84000 1020,52807 1000,333 1000,49846
85000 1010,52356 1000,332 1000,49367
86000 1011,51829 1000,330 1000,51077
87000 1013,52305 1000,348 1000,48999
88000 1021,51739 1000,319 1000,49176
89000 1018,51429 1000,333 1000,49973
90000 1011,51554 1000,348 1000,50244
91000 1016,52128 1000,316 1000,49553
92000 1016,51954 1000,326 1000,49289
93000 1007,50834 1000,326 1000,49908
94000 1013,51233 1000,314 1000,49848
95000 1017,52183 1000,338 1000,50107
96000 1013,51888 1000,471 1000,49790
97000 1030,52894 1000,336 1000,49976
98000 1016,51570 1000,326 1000,50889
99000 1015,52920 1000,336 1000,50347
100000 1008,52575 1000,348 1000,50395
101000 1007,51902 1000,300 1000,50853
102000 1017,51941 1000,333 1000,49830
103000 1015,52312 1000,346 1000,50627
104000 1007,51725 1000,303 1000,49544
105000 1016,51249 1000,338 1000,49979
106000 1020,52233 1000,355 1000,50983
107000 1014,51967 1000,318 1000,49727
108000 1016,52613 1000,333 1000,49249
109000 1021,53062 1000,342 1000,49174
110000 1018,51448 1000,333 1000,49263
111000 1021,52280 1000,362 1000,48824
112000 1020,51407 1000,349 1000,49125
113000 1020,51726 1000,331 1000,49190
114000 1021,51747 1000,346 1000,49275
115000 1015,51740 1000,353 1000,49636
116000 1019,52219 1000,350 1000,49869
117000 1024,52254 1000,344 1000,50364
118000 1017,51957 1000,356 1000,49494
119000 1015,51595 1000,340 1000,50079
120000 1022,52520 1000,309 1000,48929
121000 1028,52685 1000,340 1000,49144
122000 1010,51186 1000,295 1000,48221
123000 1025,51627 1000,359 1000,50008
124000 1011,52087 1000,344 1000,49929
125000 1017,52294 1000,344 1000,50348
126000 1027,52428 1000,336 1000,49934
127000 1015,51917 1000,332 1000,49514
128000 1021,51957 1000,371 1000,49386
129000 1020,51940 1000,329 1000,49317
130000 1021,51608 1000,349 1000,49496
131000 1015,53134 1000,307 1000,50217
